37
9396
4601
2553
2956
7846
2608
11323
10394
7210
1524
17007
3650
1761
9447
2017
3150
2407
3450
5305
4194
20881
4589
2543
0
8255
7382
3589
11181
2400
7321
4687
4140
2579
2610
3809
5969
1871
1261
10590
3015
3193
7794
1721
7280
1522
6042
3690
2378
1920
8403
4301
1226
3344
2585
4219
2479
5161
1016
3782
3023
1486
6793
2566
2748
1054
579
6660
6753
7938
4302
7311
6856
9823
11676
7224
1564
985
931
1395
967
2344
1670
1742
4353
5951
8183
4750
2701
1001
2167
1694
997
8426
2360
1756
1857
3431
2934
4167
10306
2976
3310
838
9025
1236
7533
2808
0
1551
3029
1009
7697
0
